#BVGraph properties
#Sat Mar 27 09:36:12 GMT 2021
bitsforreferences=17919770
avgbitsforintervals=2.644
graphclass=it.unimi.dsi.webgraph.BVGraph
avgdist=1.867
successoravggap=331726.118
residualexpstats=6598527,6149203,5938534,6285886,6680195,7076802,7256359,7481023,7384338,6902745,6124988,5252586,4107189,3219760,3258851,3313424,4009685,4983430,5777821,5532328,4173128,2554894,1728163,927870
arcs=150124927
minintervallength=4
bitsforoutdegrees=48157824
residualavgloggap=10.213798151138596
avgbitsforoutdegrees=7.691
bitsforresiduals=1857793761
successoravgloggap=9.446755118020594
maxrefcount=3
successorexpstats=14902760,9326271,7821241,7781074,7937899,8199408,8420788,8641505,8435057,7860671,6930682,5864373,4581058,3543419,3571062,3594605,4364596,5422886,6365445,6130892,4714639,2876591,1836067,1000311
residualarcs=122719697
avgbitsforresiduals=296.701
avgbitsforblocks=13.881
windowsize=7
residualavggap=370684.467
copiedarcs=24132502
avgbitsforreferences=2.862
version=0
compratio=0.695
bitsperlink=13.504
compressionflags=
nodes=6261502
avgref=1.329
zetak=3
bitsforintervals=16555711
intervalisedarcs=3272728
bitspernode=323.779
bitsforblocks=86916185
