#BVGraph properties
#Wed May 04 10:23:01 GMT 2022
bitsforreferences=18551121
avgbitsforintervals=2.689
graphclass=it.unimi.dsi.webgraph.BVGraph
avgdist=1.862
successoravggap=320001.173
residualexpstats=6958079,6523516,6354147,6694683,7116811,7545535,7738425,7763187,7717569,7230974,6645960,5619569,4449270,3353066,3187476,3417851,4197448,5475378,6003806,6128773,4781700,2606650,1802674,839776
arcs=159047205
minintervallength=4
bitsforoutdegrees=50253630
residualavgloggap=10.221820262698635
avgbitsforoutdegrees=7.74
bitsforresiduals=1971432328
successoravgloggap=9.446232151384036
maxrefcount=3
successorexpstats=15784031,9885597,8390129,8232647,8531811,8739640,9002947,8907852,8728658,8245158,7477705,6281283,4935587,3666015,3513980,3734024,4562077,5971131,6599635,6800984,5325143,2898349,1936053,895342
residualarcs=130154107
avgbitsforresiduals=303.648
avgbitsforblocks=14.22
windowsize=7
residualavggap=358445.687
copiedarcs=25429264
avgbitsforreferences=2.857
version=0
compratio=0.695
bitsperlink=13.518
compressionflags=
nodes=6492490
avgref=1.32
zetak=3
bitsforintervals=17457619
intervalisedarcs=3463834
bitspernode=331.155
bitsforblocks=92325879
